145.707190
158.587158
187.229753
183.660161
183.684695
185.381579
186.301577
186.052155
157.430005
185.884511
184.105849
184.948158
184.097672
184.109938
184.069049
183.247185
112.444162
183.647895
169.757974
48.813033
117.273128
183.651984
138.298142
19.851506
97.683311
16.106093
15.468228
14.838541
13.427877
14.638186
14.090276
13.182545
12.745035
12.278903
11.436594
11.125839
9.919620
9.134555
9.776509
8.647978
9.249043
8.239090
8.901489
7.871091
7.785225
8.067358
7.519448
6.987894
6.955183
7.384515
7.355893
7.343626
7.846558
10.034108
28.037441
26.675844
26.123846
27.399576
10.753751
10.062730
9.494376
9.756064
10.070908
9.964597
10.361218
10.692418
11.039972
11.432505
11.420238
11.808681
12.650990
13.084412
13.542366
14.433742
14.936674
15.419161
15.844405
16.801202
16.776669
18.076932
18.526709
19.356751
19.794261
19.773817
20.121372
19.953728
20.726526
21.871412
21.597457
182.363987
185.422468
110.653234
23.842251
112.448251
183.300340
110.162568
183.243096
183.222651
183.283985
110.959899
21.989989
21.233547
102.937520
181.889677
100.565970
183.631539
106.850576
17.909288
17.484045
17.602623
16.261470
16.269648
15.488672
14.674985
14.237475
13.366544
12.520146
12.135792
12.160325
11.735082
10.888684
10.970461
10.651529
9.792864
9.011889
8.782911
8.917844
8.161402
7.445848
8.083713
6.975627
7.642114
6.996071
6.857049
7.102382
6.055629
7.298648
8.562112
8.451712
8.921933
8.876956
8.897400
8.472157
8.525312
7.678914
7.282293
6.967449
7.924247
8.496690
7.347715
9.285843
8.562112
9.199977
10.324419
92.420924
28.577173
16.425025
30.682945
10.962284
10.365307
11.134017
11.861837
10.900950
11.273038
11.591971
12.900412
13.223433
13.121212
13.538277
13.918543
13.914454
15.202451
15.578628
15.934360
17.136490
17.999244
71.776175
101.277435
184.976780
71.804798
182.727897
183.226740
182.363987
21.204925
21.311235
182.801497
21.973634
21.106791
21.131325
21.503413
21.564746
131.342959
21.307147
20.779681
21.086347
182.801497
20.718348
109.295726
185.009491
113.041139
185.880423
19.859684
18.645287
111.957586
192.263162
16.085649
17.058802
16.375959
15.092051
14.368320
15.370095
14.180231
13.452411
13.080323
12.806368
12.471080
11.718726
11.886370
11.567438
10.496151
10.586107
10.283530
9.567976
9.711087
8.627534
9.236777
8.169580
8.778822
7.744336
8.374023
7.343626
8.427179
7.388604
7.699358
7.956958
6.538117
6.807983
7.535803
6.583095
5.605853
5.998385
6.370473
6.750739
6.656694
6.685317
6.697583
6.742561
6.803894
6.419539
6.063807
6.112874
7.077849
7.241404
6.513584
7.478559
7.302737
7.466292
7.727981
8.337224
8.198202
9.796953
9.146821
9.073222
10.655618
10.103619
9.935975
11.150372
11.959970
11.399794
11.285305
12.078547
13.276589
14.061654
14.446008
14.380586
14.703608
15.918005
16.694891
17.001557
16.936135
17.651689
97.720110
114.370024
104.290938
184.514737
19.949639
184.584248
19.945550
20.530260
183.615184
20.746970
22.059500
20.338082
183.574295
104.524004
114.091980
184.069049
183.263540
102.880275
183.623362
18.608487
98.558331
97.523844
95.123672
16.891158
16.523159
17.602623
15.505028
14.748585
15.762627
15.525472
13.865387
13.043523
14.020765
13.280678
11.636949
11.277127
11.902726
11.142194
9.931886
10.034108
10.238552
9.110022
8.782911
8.926022
8.255446
8.472157
7.384515
8.018291
6.910205
7.605314
6.546295
6.803894
7.098293
6.059718
6.852961
6.648517
5.626297
6.047451
7.196426
7.118738
5.663097
5.638564
5.225587
5.180609
5.164254
5.638564
5.241942
6.194651
23.212564
7.278204
6.063807
7.028782
7.229137
6.542206
7.633936
6.538117
7.270026
7.466292
7.339537
8.545756
8.840156
8.284068
9.077311
9.437132
10.704684
12.389302
68.550050
13.309300
14.989829
109.471548
15.513206
107.018220
15.962982
17.222357
108.122218
113.683093
99.396551
111.511898
104.164183
18.718886
183.623362
102.168810
66.260278
101.003480
101.183391
99.032640
102.193344
102.156544
100.794947
111.029410
183.680606
187.184775
18.604398
100.422859
183.627450
119.387078
124.404132
184.944069
96.661091
95.103228
114.562201
14.981651
13.808143
12.978101
12.205303
11.902726
11.600149
10.757840
9.993219
10.050464
9.751976
9.007800
8.259535
8.451712
8.582556
7.425404
7.981491
7.703447
7.413137
8.124602
7.421315
8.529401
7.887447
9.457576
10.136330
8.656156
12.892234
17.443156
6.145585
5.994296
15.828049
7.499003
5.691719
5.282831
4.779899
5.201054
5.180609
5.196965
5.229676
6.587183
7.535803
8.034647
6.869316
6.076074
6.677139
6.010652
6.133318
6.411362
7.294559
6.501317
7.122827
6.987894
7.290471
7.687092
8.382201
8.251357
8.239090
9.404421
9.784687
10.177219
10.504329
10.896862
11.264861
11.669660
12.491524
13.284767
14.057565
13.983965
14.368320
14.666808
15.455961
16.261470
15.648139
16.420937
17.991066
17.377734
18.130088
17.905200
17.676222
17.831600
18.060577
17.758000
18.759775
18.927419
19.001019
18.620753
18.620753
18.657553
19.058263
18.600309
18.555331
18.906975
18.780220
18.252754
18.559420
19.279063
17.794800
18.927419
17.369556
