5.164254
4.313767
4.326034
4.260612
4.354656
4.317856
4.317856
4.334211
4.305589
4.305589
4.759455
4.739010
4.739010
5.000699
4.702210
4.636788
4.636788
4.694033
4.669499
4.649055
4.698122
4.706299
4.726744
4.702210
4.722655
4.730833
4.751277
4.767632
4.743099
4.730833
4.706299
4.673588
4.649055
4.677677
4.673588
5.082476
5.066121
4.620433
4.604077
4.636788
4.624522
4.657233
4.636788
4.608166
5.062032
5.041587
5.078387
5.066121
4.649055
4.681766
4.649055
4.677677
4.689944
4.702210
4.718566
4.689944
4.330122
4.313767
4.289234
4.309678
4.804432
4.759455
4.747188
4.366922
4.849410
4.833055
4.845321
4.873943
5.311453
5.344164
5.401409
5.466831
5.470920
5.491364
5.168343
5.168343
5.188787
4.755366
5.274653
5.303276
5.761230
6.178296
6.268251
6.300962
5.973852
6.456339
5.597675
6.059718
5.998385
6.550384
6.967449
7.433581
7.903802
111.172521
97.258067
96.485269
26.569533
25.375581
10.263085
8.570290
8.190024
7.760692
7.310915
7.826114
7.392693
7.261848
7.445848
7.920158
7.965136
8.042824
8.492601
8.038735
8.112335
7.727981
7.740247
7.335448
7.319093
7.425404
7.421315
7.883358
7.891536
8.349490
8.431268
8.468068
8.521223
8.353579
8.124602
8.194113
7.752514
7.768869
7.793403
7.891536
8.333135
8.423090
8.860600
9.343088
9.015977
8.607090
8.635712
8.676600
8.725667
9.608865
9.711087
11.056328
29.930592
11.138105
11.187172
11.260772
12.188947
88.115335
163.481545
18.072844
15.991604
16.069293
16.964757
17.913377
19.704306
19.839239
21.466613
311.711574
22.869098
13.342011
12.524235
11.706460
12.164414
11.195350
12.749124
12.745035
12.401569
11.964059
12.009037
11.232150
10.790551
10.864151
10.876417
11.383438
11.452949
11.448860
11.542904
11.571527
11.174905
11.203527
10.794640
10.855973
10.900950
10.896862
11.420238
11.015439
11.056328
11.101305
10.729218
11.183083
10.770106
10.864151
10.896862
11.334372
10.990906
11.735082
11.371171
11.522460
11.587882
10.761929
11.256683
11.326194
11.362994
11.354816
11.886370
11.546993
11.579704
11.624682
11.690104
11.277127
11.702371
11.780059
11.825037
11.853659
12.364769
12.389302
7.879269
12.004948
12.090814
11.681926
12.340236
12.213480
7.871091
12.704146
13.162100
12.446547
12.528324
12.086725
12.127614
12.205303
12.650990
12.720501
12.769568
13.644588
13.268411
12.924945
12.941301
13.010812
13.002634
13.476944
13.554633
13.636410
13.718188
13.738632
13.342011
13.378811
13.501477
13.992143
14.008498
14.159787
14.212942
13.812232
13.877654
13.930809
14.446008
14.495075
14.527786
14.658630
14.221120
14.302897
14.351964
14.924407
14.846718
14.957118
15.034807
15.075696
15.288317
14.683163
15.206540
15.263784
15.312850
15.361917
15.468228
15.443695
15.100229
15.611339
15.619516
15.693116
15.701294
15.783072
16.265559
20.689726
15.909827
15.954804
15.570450
16.073382
16.061115
15.693116
16.155159
16.637647
16.245115
16.678536
16.322803
16.793025
16.388226
16.024315
16.506803
16.555870
16.547692
16.625381
17.087424
17.148757
16.788936
16.106093
16.870713
16.903424
16.911602
17.434978
17.484045
17.545378
17.610800
17.210090
17.295957
17.324579
17.385912
17.439067
17.635334
18.007421
18.027866
18.072844
17.766178
17.790711
17.827511
18.342710
18.387687
18.506265
18.551242
18.596220
18.628931
18.698442
18.784308
19.270885
19.356751
18.498087
19.041908
19.532573
19.111419
20.055950
19.663417
20.137727
20.199060
20.407593
19.888306
20.350349
20.423949
20.771503
21.834612
21.875501
22.018611
22.431588
22.047234
22.566521
23.515141
130.390251
81.008863
80.354643
47.913480
185.054469
152.813661
46.053040
45.754552
45.811796
70.156980
73.616171
73.497593
184.138560
109.025860
100.754058
24.357450
25.314248
24.504650
23.257542
22.950876
23.453808
23.053098
23.556030
24.058962
24.169362
23.776829
23.449719
24.361539
24.876738
24.091673
24.586427
24.635494
24.345183
25.216115
24.447405
24.496472
25.019848
25.101626
24.733627
24.786782
24.435139
25.318336
24.946249
24.553716
25.052559
24.271584
25.171137
25.228381
25.273359
24.909449
24.594605
24.623227
25.154781
25.150692
25.207937
25.277448
25.788558
25.911224
25.964379
138.208187
27.027488
27.125621
26.810777
27.734864
28.720284
28.470862
27.244198
26.500022
26.164734
25.890779
25.522780
26.095223
26.140201
26.708555
26.365089
26.483667
27.857530
27.992463
27.203310
27.685797
28.188729
28.290951
29.215038
29.309082
29.022861
30.421257
29.583037
29.660726
29.750681
30.290413
29.427660
30.421257
29.648459
30.560279
30.617523
30.224991
29.832458
29.922414
29.574859
29.562593
30.073702
29.227304
29.296815
29.300904
28.924727
28.573084
29.444015
29.071927
29.505348
29.566681
29.652548
29.276371
29.354060
29.390860
29.926503
29.096460
29.550326
30.085969
30.077791
30.196369
29.795659
29.914236
30.368102
30.907834
104.532182
89.031243
116.851974
31.194055
124.837554
183.279896
167.186069
184.187627
184.621048
109.626925
179.771638
183.292162
184.101760
233.466792
185.815001
185.487890
183.271718
116.811085
183.328962
184.163094
184.187627
