184.244871
186.178911
185.352957
185.757756
185.737312
187.863529
186.673665
184.363449
185.291624
186.125755
185.729134
187.888062
187.053931
183.905494
187.094820
184.334826
132.561445
186.191177
185.295713
186.150289
184.817314
184.629226
184.825492
185.680068
146.696699
184.437048
188.374639
185.230291
173.004544
185.263002
179.101062
186.530554
187.188864
185.741401
134.340107
184.298027
190.210545
37.589061
123.361468
164.377010
186.129844
171.238148
185.258913
187.479174
115.228689
118.054104
111.381054
98.141265
129.511142
21.041369
18.007421
15.721738
17.737556
14.429653
13.485122
161.171329
12.724590
13.272500
11.739171
12.197125
5.589497
11.440682
10.729218
9.097755
8.778822
8.521223
6.934738
7.556248
6.472695
6.656694
6.027007
6.350029
6.227362
5.687630
5.654919
5.659008
6.063807
5.646741
10.410285
6.660783
7.695270
6.910205
7.478559
7.752514
9.294021
7.826114
9.077311
11.101305
12.025392
10.275352
9.874642
9.927797
9.993219
10.909128
12.323880
14.777207
13.844943
13.975787
16.400492
108.878660
16.531336
18.522620
19.131863
18.976486
107.729685
21.716034
22.525632
23.249364
25.391936
25.923491
26.377356
127.990079
155.647254
29.689348
124.363244
186.591887
128.971410
169.369531
140.489781
185.328424
188.333750
189.253747
112.362385
184.343004
170.992815
165.632296
184.338915
184.322560
183.451629
185.602379
184.302115
184.322560
118.749213
151.120865
188.382816
183.860517
182.625675
183.885050
184.387982
184.412515
183.001852
183.394384
183.868694
183.423007
184.371626
184.809136
182.973230
183.521140
183.443451
187.957573
184.796870
183.447540
20.890081
151.983619
18.861997
17.737556
17.042446
15.975249
15.828049
14.785385
13.840854
12.961745
12.941301
12.532413
11.681926
11.281216
11.350727
11.992681
10.344863
10.038197
10.594285
11.174905
9.972775
10.046375
9.367621
8.149135
7.404959
7.147360
6.460428
6.141496
6.333673
5.646741
6.239629
5.585408
5.798030
4.820788
5.111098
4.972076
4.841232
4.828966
4.873943
4.939365
5.078387
5.168343
6.251895
5.687630
6.820250
6.121051
6.415451
7.560337
7.306826
8.721578
9.621131
10.455263
20.366704
10.929573
10.712862
10.827351
14.037120
12.479258
13.685477
13.959432
14.797652
16.097915
16.915691
18.309999
19.205463
21.008658
21.429813
22.754610
24.966693
140.771914
26.569533
25.596380
27.616286
145.490479
184.796870
184.404337
182.576609
185.181224
183.991361
183.897316
183.562028
184.314382
184.788692
186.080778
185.263002
186.105311
124.224222
185.328424
183.848250
184.424782
131.387937
186.117578
134.225619
185.733223
183.055007
184.367537
186.138022
183.897316
183.942294
186.129844
184.343004
184.854114
183.042741
184.326649
183.880961
183.934116
186.125755
184.408426
187.409663
184.375715
182.576609
189.629924
185.230291
184.387982
110.338390
114.554024
115.968776
107.055020
16.069293
15.165651
14.311075
13.493299
13.023078
13.092589
99.298418
12.336147
12.847257
117.620683
29.129171
9.126377
9.343088
7.813847
8.439445
6.517673
7.151449
6.084251
6.022918
6.133318
6.002474
6.689405
5.650830
6.386828
7.143271
5.687630
6.035185
6.407273
6.791627
6.730294
5.798030
5.753052
5.748963
5.724430
5.761230
5.822563
5.887985
5.982029
5.593586
5.638564
6.619895
7.233226
6.525850
7.646203
6.603539
6.493139
7.257760
7.629848
8.022380
10.173130
12.368858
13.006723
11.792326
93.815231
12.221658
13.787699
14.826274
16.375959
116.013753
107.251287
126.297283
103.824806
20.738792
151.820064
187.438285
117.563438
185.213935
189.204681
28.070152
144.018483
184.351182
184.351182
186.604154
185.271180
184.310293
112.096608
108.604705
98.820019
184.813225
186.113489
187.070286
186.227977
185.733223
184.318471
187.434196
119.293034
187.094820
134.062064
183.954561
185.332513
186.191177
185.700512
189.703524
185.680068
185.782290
187.475085
185.786378
184.886825
185.279357
94.428563
185.307980
185.246646
184.809136
186.624599
186.600065
187.090731
185.226202
105.059648
168.805265
166.662693
186.195266
139.463472
184.829581
140.571558
18.637109
21.033192
18.886530
16.850269
16.167426
15.492761
15.300584
114.091980
167.271936
13.644588
30.408990
11.526549
9.338999
8.558023
8.210468
27.771664
8.140957
7.392693
7.564425
7.298648
5.663097
6.738472
5.650830
3.512347
5.626297
5.793941
4.755366
5.062032
4.951632
4.432344
3.908968
3.933501
3.904879
3.921235
3.896701
3.900790
3.953946
3.945768
3.933501
4.395545
4.411900
4.379189
4.440522
4.436433
4.407811
4.415989
4.383278
4.391456
4.436433
4.473233
4.469144
4.497766
4.481411
4.906654
6.215096
4.980254
4.976165
4.947543
5.012965
5.045676
4.604077
5.070210
4.689944
4.673588
4.665411
4.706299
4.677677
4.669499
4.649055
4.734921
4.747188
4.718566
4.739010
4.743099
4.317856
4.338300
4.317856
4.321945
4.276967
4.317856
4.317856
4.313767
4.730833
4.657233
4.317856
4.767632
4.714477
4.714477
4.759455
4.305589
4.714477
4.718566
4.673588
4.751277
4.706299
4.338300
4.755366
4.828966
6.247807
5.585408
6.292784
6.358206
6.411362
7.470381
8.243179
29.210949
12.532413
11.837304
11.726904
63.688374
38.280082
40.312254
38.844347
15.067518
13.996232
37.646306
